[gd_scene load_steps=4 format=3 uid="uid://cwseclmja5rko"]

[ext_resource type="PackedScene" uid="uid://cpljr016pccwd" path="res://cards/card.tscn" id="1_jvobx"]
[ext_resource type="Script" path="res://cards/hand.gd" id="1_r2ljd"]

[sub_resource type="BoxShape3D" id="BoxShape3D_lf2b0"]
size = Vector3(10, 10, 0.01)

[node name="Hand" type="Node3D"]

[node name="Node3D" type="Node3D" parent="."]
transform = Transform3D(1, 0, 0, 0, 1, 0, 0, 0, 1, 0, -1.03845, 0)
script = ExtResource("1_r2ljd")
spread = 0.5

[node name="MeshInstance3D2" parent="Node3D" instance=ExtResource("1_jvobx")]

[node name="MeshInstance3D3" parent="Node3D" instance=ExtResource("1_jvobx")]

[node name="MeshInstance3D4" parent="Node3D" instance=ExtResource("1_jvobx")]

[node name="MeshInstance3D5" parent="Node3D" instance=ExtResource("1_jvobx")]

[node name="MeshInstance3D6" parent="Node3D" instance=ExtResource("1_jvobx")]

[node name="MeshInstance3D7" parent="Node3D" instance=ExtResource("1_jvobx")]

[node name="MeshInstance3D8" parent="Node3D" instance=ExtResource("1_jvobx")]

[node name="MeshInstance3D9" parent="Node3D" instance=ExtResource("1_jvobx")]

[node name="MeshInstance3D10" parent="Node3D" instance=ExtResource("1_jvobx")]

[node name="Camera3D" type="Camera3D" parent="."]
transform = Transform3D(1, 0, 0, 0, 1, 0, 0, 0, 1, 0, 0.150354, 1.934)
fov = 70.0

[node name="RayCast3D" type="RayCast3D" parent="Camera3D"]
target_position = Vector3(0, 0, 0)
collision_mask = 2
collide_with_areas = true
collide_with_bodies = false

[node name="DirectionalLight3D" type="DirectionalLight3D" parent="."]
transform = Transform3D(0.846164, -0.191518, 0.497321, 0.165112, 0.981489, 0.0970424, -0.506701, 0, 0.862122, 0, 0.658451, 3.06358)
shadow_enabled = true
shadow_bias = 0.044
shadow_normal_bias = 5.7
shadow_opacity = 0.45
shadow_blur = 0.736

[node name="DropArea" type="Area3D" parent="."]
transform = Transform3D(1, 0, 0, 0, 0.796906, 0.604104, 0, -0.604104, 0.796906, 0, 0, 0)
collision_layer = 2
collision_mask = 0

[node name="CollisionShape3D" type="CollisionShape3D" parent="DropArea"]
transform = Transform3D(1, 0, 0, 0, 0.965926, -0.258819, 0, 0.258819, 0.965926, 0, 3.2803, -0.480525)
shape = SubResource("BoxShape3D_lf2b0")

[node name="Area3D2" type="Area3D" parent="."]
transform = Transform3D(1, 0, 0, 0, 1, 0, 0, 0, 1, 0, -5.51371, 0.125503)
collision_layer = 2
collision_mask = 0
input_ray_pickable = false

[node name="CollisionShape3D2" type="CollisionShape3D" parent="Area3D2"]
shape = SubResource("BoxShape3D_lf2b0")
